Eigen vectors:
          1           0           1           0           1           0           1           0           1           0           1           0           1           0           0
   0.913545    0.406737    0.669131    0.743145    0.309017    0.951057   -0.104529    0.994522        -0.5    0.866025   -0.809017    0.587785   -0.978148    0.207912           0
   0.669131    0.743145   -0.104529    0.994522   -0.809017    0.587785   -0.978148   -0.207912        -0.5   -0.866026    0.309017   -0.951056    0.913546   -0.406736           0
   0.309017    0.951057   -0.809017    0.587785   -0.809017   -0.587785    0.309017   -0.951056           1 9.36268e-08    0.309017    0.951057   -0.809017    0.587785           0
  -0.104529    0.994522   -0.978148   -0.207912    0.309017   -0.951056    0.913545    0.406737        -0.5    0.866025   -0.809017   -0.587786    0.669131   -0.743144           0
       -0.5    0.866025        -0.5   -0.866025           1 1.87254e-07        -0.5    0.866025        -0.5   -0.866026           1 3.74507e-07        -0.5    0.866025           0
  -0.809017    0.587785    0.309017   -0.951056    0.309017    0.951057   -0.809017   -0.587785           1 1.87254e-07   -0.809017    0.587785    0.309017   -0.951056           0
  -0.978148    0.207912    0.913545   -0.406737   -0.809017    0.587785    0.669131   -0.743145        -0.5    0.866025    0.309017   -0.951056   -0.104529    0.994522           0
  -0.978148   -0.207912    0.913545    0.406737   -0.809017   -0.587786     0.66913    0.743145   -0.499999   -0.866026    0.309016    0.951057   -0.104527   -0.994522           0
  -0.809017   -0.587785    0.309017    0.951057    0.309017   -0.951056   -0.809017    0.587785           1 7.49014e-07   -0.809016   -0.587786    0.309016    0.951057           0
       -0.5   -0.866025        -0.5    0.866025           1 3.74507e-07        -0.5   -0.866026   -0.500001    0.866025           1 7.49014e-07   -0.499999   -0.866026           0
  -0.104528   -0.994522   -0.978148    0.207911    0.309017    0.951057    0.913546   -0.406736        -0.5   -0.866026   -0.809017    0.587785     0.66913    0.743145           0
   0.309017   -0.951056   -0.809017   -0.587785   -0.809017    0.587785    0.309017    0.951057           1 3.74507e-07    0.309017   -0.951056   -0.809017   -0.587786           0
   0.669131   -0.743145   -0.104528   -0.994522   -0.809017   -0.587785   -0.978148    0.207911        -0.5    0.866025    0.309017    0.951057    0.913545    0.406737           0
   0.913545   -0.406737    0.669131   -0.743145    0.309017   -0.951056   -0.104528   -0.994522        -0.5   -0.866025   -0.809017   -0.587785   -0.978148   -0.207912           0

Eigen vectors Inverse
   0.133333    0.121806   0.0892174   0.0412023  -0.0139371  -0.0666667   -0.107869    -0.13042    -0.13042   -0.107869  -0.0666667  -0.0139371   0.0412023   0.0892174    0.121806
          0   0.0542316    0.099086    0.126808    0.132603     0.11547   0.0783714   0.0277216  -0.0277216  -0.0783714    -0.11547   -0.132603   -0.126808   -0.099086  -0.0542315
   0.133333   0.0892174  -0.0139371   -0.107869    -0.13042  -0.0666667   0.0412023    0.121806    0.121806   0.0412022  -0.0666667    -0.13042   -0.107869  -0.0139371   0.0892174
          0    0.099086    0.132603   0.0783714  -0.0277216    -0.11547   -0.126808  -0.0542315   0.0542316    0.126808     0.11547   0.0277215  -0.0783714   -0.132603   -0.099086
   0.133333   0.0412023   -0.107869   -0.107869   0.0412023    0.133333   0.0412023   -0.107869   -0.107869   0.0412023    0.133333   0.0412022   -0.107869   -0.107869   0.0412023
          0    0.126808   0.0783714  -0.0783714   -0.126808 2.49671e-08    0.126808   0.0783714  -0.0783714   -0.126808 4.99343e-08    0.126808   0.0783713  -0.0783714   -0.126808
   0.133333  -0.0139371    -0.13042   0.0412023    0.121806  -0.0666667   -0.107869   0.0892174   0.0892173   -0.107869  -0.0666666    0.121806   0.0412022    -0.13042  -0.0139371
          0    0.132603  -0.0277216   -0.126808   0.0542316     0.11547  -0.0783714   -0.099086    0.099086   0.0783713    -0.11547  -0.0542315    0.126808   0.0277215   -0.132603
   0.133333  -0.0666667  -0.0666666    0.133333  -0.0666667  -0.0666666    0.133333  -0.0666667  -0.0666666    0.133333  -0.0666667  -0.0666666    0.133333  -0.0666667  -0.0666667
          0     0.11547    -0.11547 1.24836e-08     0.11547    -0.11547 2.49671e-08     0.11547    -0.11547 9.98685e-08     0.11547    -0.11547 4.99343e-08     0.11547    -0.11547
   0.133333   -0.107869   0.0412023   0.0412023   -0.107869    0.133333   -0.107869   0.0412023   0.0412021   -0.107869    0.133333   -0.107869   0.0412023   0.0412022   -0.107869
          0   0.0783714   -0.126808    0.126808  -0.0783714 4.99343e-08   0.0783713   -0.126808    0.126808  -0.0783715 9.98685e-08   0.0783713   -0.126808    0.126808  -0.0783714
   0.133333    -0.13042    0.121806   -0.107869   0.0892175  -0.0666667   0.0412023  -0.0139371   -0.013937   0.0412021  -0.0666666   0.0892173   -0.107869    0.121806    -0.13042
          0   0.0277215  -0.0542315   0.0783714  -0.0990859     0.11547   -0.126808    0.132603   -0.132603    0.126808    -0.11547    0.099086  -0.0783714   0.0542316  -0.0277216
          0           0           0           0           0           0           0           0           0           0           0           0           0           0           0

Eigen Check
           1  -1.3609e-08  4.78366e-08 -1.80072e-08 -7.28298e-08 -1.79552e-08  6.43299e-08 -2.05134e-08 -6.62947e-08 -1.94954e-08    9.241e-08 -7.55968e-09 -8.81014e-08  2.96162e-09            0
 -1.3609e-08            1  2.37936e-08 -1.77585e-08  9.26276e-09  2.27056e-08 -2.62999e-08  1.26519e-09 -1.08029e-08 -2.92407e-08  3.92537e-08 -2.93453e-08  3.32599e-08  5.10474e-08            0
 4.78366e-08  2.37936e-08            1 -4.34621e-09  4.65714e-08 -4.43071e-08 -4.35891e-08 -2.87581e-08  9.36752e-08  1.87402e-08 -1.17342e-07  1.37645e-08  5.93229e-08 -4.61303e-08            0
-1.80072e-08 -1.77585e-08 -4.34621e-09            1 -2.50628e-09 -1.64933e-08 -1.54017e-09 -6.53507e-09  1.29538e-08 -2.80801e-08   2.2457e-08  2.18068e-08  6.83019e-10  3.74182e-09            0
-7.28298e-08  9.26276e-09  4.65714e-08 -2.50628e-09            1 -1.51491e-08  7.59166e-08 -5.05341e-09 -9.46365e-08  4.50179e-09  6.05881e-08 -1.98304e-08 -1.10832e-07 -5.11596e-08            0
-1.79552e-08  2.27056e-08 -4.43071e-08 -1.64933e-08 -1.51491e-08            1  3.67474e-08 -4.58386e-08  3.17197e-08  4.45124e-08 -2.56169e-08  5.00701e-09 -4.24672e-08   1.5297e-08            0
 6.43299e-08 -2.62999e-08 -4.35891e-08 -1.54017e-09  7.59166e-08  3.67474e-08            1  1.81108e-08  4.28295e-08 -4.36241e-08 -8.81267e-08 -6.04224e-08  1.64159e-07 -9.05869e-09            0
-2.05134e-08  1.26519e-09 -2.87581e-08 -6.53507e-09 -5.05341e-09 -4.58386e-08  1.81108e-08            1 -1.82326e-09 -1.27515e-08 -3.32045e-08  3.80026e-08 -1.48452e-08 -9.85636e-08            0
-6.62947e-08 -1.08029e-08  9.36752e-08  1.29538e-08 -9.46365e-08  3.17197e-08  4.28295e-08 -1.82326e-09            1 -4.68134e-08    1.464e-07 -3.28523e-08 -1.56252e-07 -2.03623e-09            0
-1.94954e-08 -2.92407e-08  1.87402e-08 -2.80801e-08  4.50179e-09  4.45124e-08 -4.36241e-08 -1.27515e-08 -4.68134e-08            1  8.94847e-09 -1.16322e-07  2.51817e-08  1.06128e-07            0
   9.241e-08  3.92537e-08 -1.17342e-07   2.2457e-08  6.05881e-08 -2.56169e-08 -8.81267e-08 -3.32045e-08    1.464e-07  8.94847e-09            1  1.15727e-08  1.77943e-07 -1.09358e-07            0
-7.55968e-09 -2.93453e-08  1.37645e-08  2.18068e-08 -1.98304e-08  5.00701e-09 -6.04224e-08  3.80026e-08 -3.28523e-08 -1.16322e-07  1.15727e-08            1 -6.75577e-08 -1.47864e-07            0
-8.81014e-08  3.32599e-08  5.93229e-08  6.83019e-10 -1.10832e-07 -4.24672e-08  1.64159e-07 -1.48452e-08 -1.56252e-07  2.51817e-08  1.77943e-07 -6.75577e-08            1 -2.92606e-07            0
 2.96162e-09  5.10474e-08 -4.61303e-08  3.74182e-09 -5.11596e-08   1.5297e-08 -9.05869e-09 -9.85636e-08 -2.03623e-09  1.06128e-07 -1.09358e-07 -1.47864e-07 -2.92606e-07            1            0
           0            0            0            0            0            0            0            0            0            0            0            0            0            0            0

