Eigen vectors:
           1            0            1            0            1            0            1            0            1            0            1            0            1            0            1            0
     0.92388     0.382683     0.707107     0.707107     0.382683      0.92388  6.12323e-17            1    -0.382683      0.92388    -0.707107     0.707107     -0.92388     0.382683           -1            0
    0.707107     0.707107  6.12323e-17            1    -0.707107     0.707107           -1  1.22465e-16    -0.707107    -0.707107 -1.83697e-16           -1     0.707107    -0.707107            1            0
    0.382683      0.92388    -0.707107     0.707107     -0.92388    -0.382683 -1.83697e-16           -1      0.92388    -0.382683     0.707107     0.707107    -0.382683      0.92388           -1            0
 6.12323e-17            1           -1  1.22465e-16 -1.83697e-16           -1            1 -2.44929e-16  3.06162e-16            1           -1  3.67394e-16 -4.28626e-16           -1            1            0
   -0.382683      0.92388    -0.707107    -0.707107      0.92388    -0.382683  3.06162e-16            1     -0.92388    -0.382683     0.707107    -0.707107     0.382683      0.92388           -1            0
   -0.707107     0.707107 -1.83697e-16           -1     0.707107     0.707107           -1  3.67394e-16     0.707107    -0.707107  5.51091e-16            1    -0.707107    -0.707107            1            0
    -0.92388     0.382683     0.707107    -0.707107    -0.382683      0.92388 -4.28626e-16           -1     0.382683      0.92388    -0.707107    -0.707107      0.92388     0.382683           -1            0
          -1  1.22465e-16            1 -2.44929e-16           -1  3.67394e-16            1 -4.89859e-16           -1  6.12323e-16            1 -7.34788e-16           -1  8.57253e-16            1            0
    -0.92388    -0.382683     0.707107     0.707107    -0.382683     -0.92388  5.51091e-16            1     0.382683     -0.92388    -0.707107     0.707107      0.92388    -0.382683           -1            0
   -0.707107    -0.707107  3.06162e-16            1     0.707107    -0.707107           -1  6.12323e-16     0.707107     0.707107 -2.69484e-15           -1    -0.707107     0.707107            1            0
   -0.382683     -0.92388    -0.707107     0.707107      0.92388     0.382683 -2.44991e-15           -1     -0.92388     0.382683     0.707107     0.707107     0.382683     -0.92388           -1            0
-1.83697e-16           -1           -1  3.67394e-16  5.51091e-16            1            1 -7.34788e-16 -2.69484e-15           -1           -1  1.10218e-15 -4.90478e-16            1            1            0
    0.382683     -0.92388    -0.707107    -0.707107     -0.92388     0.382683 -9.80336e-16            1      0.92388     0.382683     0.707107    -0.707107    -0.382683     -0.92388           -1            0
    0.707107    -0.707107 -4.28626e-16           -1    -0.707107    -0.707107           -1  8.57253e-16    -0.707107     0.707107 -4.90478e-16            1     0.707107     0.707107            1            0
     0.92388    -0.382683     0.707107    -0.707107     0.382683     -0.92388 -2.69484e-15           -1    -0.382683     -0.92388    -0.707107    -0.707107     -0.92388    -0.382683           -1            0

Eigen vectors Inverse
       0.125     0.115485    0.0883883    0.0478354  7.65404e-18   -0.0478354   -0.0883883    -0.115485       -0.125    -0.115485   -0.0883883   -0.0478354 -2.29621e-17    0.0478354    0.0883883     0.115485
           0    0.0478354    0.0883883     0.115485        0.125     0.115485    0.0883883    0.0478354  1.53081e-17   -0.0478354   -0.0883883    -0.115485       -0.125    -0.115485   -0.0883883   -0.0478354
       0.125    0.0883883  7.65404e-18   -0.0883883       -0.125   -0.0883883 -2.29621e-17    0.0883883        0.125    0.0883883  3.82702e-17   -0.0883883       -0.125   -0.0883883 -5.35783e-17    0.0883883
           0    0.0883883        0.125    0.0883883  1.53081e-17   -0.0883883       -0.125   -0.0883883 -3.06162e-17    0.0883883        0.125    0.0883883  4.59243e-17   -0.0883883       -0.125   -0.0883883
       0.125    0.0478354   -0.0883883    -0.115485 -2.29621e-17     0.115485    0.0883883   -0.0478354       -0.125   -0.0478354    0.0883883     0.115485  6.88864e-17    -0.115485   -0.0883883    0.0478354
           0     0.115485    0.0883883   -0.0478354       -0.125   -0.0478354    0.0883883     0.115485  4.59243e-17    -0.115485   -0.0883883    0.0478354        0.125    0.0478354   -0.0883883    -0.115485
       0.125  7.65404e-18       -0.125 -2.29621e-17        0.125  3.82702e-17       -0.125 -5.35783e-17        0.125  6.88864e-17       -0.125 -3.06239e-16        0.125 -1.22542e-16       -0.125 -3.36855e-16
           0        0.125  1.53081e-17       -0.125 -3.06162e-17        0.125  4.59243e-17       -0.125 -6.12323e-17        0.125  7.65404e-17       -0.125 -9.18485e-17        0.125  1.07157e-16       -0.125
       0.125   -0.0478354   -0.0883883     0.115485  3.82702e-17    -0.115485    0.0883883    0.0478354       -0.125    0.0478354    0.0883883    -0.115485 -3.36855e-16     0.115485   -0.0883883   -0.0478354
           0     0.115485   -0.0883883   -0.0478354        0.125   -0.0478354   -0.0883883     0.115485  7.65404e-17    -0.115485    0.0883883    0.0478354       -0.125    0.0478354    0.0883883    -0.115485
       0.125   -0.0883883 -2.29621e-17    0.0883883       -0.125    0.0883883  6.88864e-17   -0.0883883        0.125   -0.0883883 -3.36855e-16    0.0883883       -0.125    0.0883883 -6.13097e-17   -0.0883883
           0    0.0883883       -0.125    0.0883883  4.59243e-17   -0.0883883        0.125   -0.0883883 -9.18485e-17    0.0883883       -0.125    0.0883883  1.37773e-16   -0.0883883        0.125   -0.0883883
       0.125    -0.115485    0.0883883   -0.0478354 -5.35783e-17    0.0478354   -0.0883883     0.115485       -0.125     0.115485   -0.0883883    0.0478354 -6.13097e-17   -0.0478354    0.0883883    -0.115485
           0    0.0478354   -0.0883883     0.115485       -0.125     0.115485   -0.0883883    0.0478354  1.07157e-16   -0.0478354    0.0883883    -0.115485        0.125    -0.115485    0.0883883   -0.0478354
       0.125       -0.125        0.125       -0.125        0.125       -0.125        0.125       -0.125        0.125       -0.125        0.125       -0.125        0.125       -0.125        0.125       -0.125
           0            0            0            0            0            0            0            0            0            0            0            0            0            0            0            0

Eigen Check
           1 -8.61949e-18 -1.47869e-16 -1.81117e-16 -3.40872e-16 -5.76111e-17  -2.6958e-16  1.80411e-16 -2.15133e-17  1.45419e-16 -6.38462e-16  7.43992e-16   6.3975e-17   4.0037e-16  2.77556e-17            0
-8.61949e-18            1 -1.25598e-16  7.71038e-17  1.13282e-16   4.7686e-16  4.89731e-16  4.85723e-17  2.23663e-16 -7.01202e-16  1.02186e-16 -3.36634e-16 -1.63922e-16  6.21285e-17  2.77556e-17            0
-1.47869e-16 -1.25598e-16            1   8.4535e-17 -4.31775e-16  4.03129e-16  6.85694e-17    1.249e-16  2.44893e-16 -4.47365e-17 -4.46766e-16  5.88369e-16 -1.25214e-16  7.42775e-16 -6.93889e-17            0
-1.81117e-16  7.71038e-17   8.4535e-17            1  3.13736e-16  1.75658e-16  1.82681e-16 -8.32667e-17 -1.58316e-17  1.23922e-16  4.88688e-16 -3.93791e-16 -7.94801e-16  3.18954e-16    1.249e-16            0
-3.40872e-16  1.13282e-16 -4.31775e-16  3.13736e-16            1  2.75088e-16 -1.28909e-16  3.26128e-16 -1.69411e-16  3.91499e-16 -5.82908e-17  2.97262e-16 -7.42526e-16  7.76219e-16  5.13478e-16            0
-5.76111e-17   4.7686e-16  4.03129e-16  1.75658e-16  2.75088e-16            1  2.41825e-16  1.38778e-16 -1.06992e-16 -1.33509e-16  9.24436e-16 -5.13529e-16  1.42224e-16  -8.1337e-16  4.02456e-16            0
 -2.6958e-16  4.89731e-16  6.85694e-17  1.82681e-16 -1.28909e-16  2.41825e-16            1  2.83277e-16 -9.31357e-17  3.36579e-17  2.68363e-16  2.38193e-16 -3.96554e-16  8.22798e-16  6.97678e-16            0
 1.80411e-16  4.85723e-17    1.249e-16 -8.32667e-17  3.26128e-16  1.38778e-16  2.83277e-16            1 -1.38778e-17 -5.55112e-17  5.13478e-16 -6.93889e-17  1.52656e-15 -5.13478e-16  5.55112e-17            0
-2.15133e-17  2.23663e-16  2.44893e-16 -1.58316e-17 -1.69411e-16 -1.06992e-16 -9.31357e-17 -1.38778e-17            1  3.38648e-16  5.64362e-16  6.52898e-16  1.48655e-15 -2.10291e-16 -2.42861e-16            0
 1.45419e-16 -7.01202e-16 -4.47365e-17  1.23922e-16  3.91499e-16 -1.33509e-16  3.36579e-17 -5.55112e-17  3.38648e-16            1  7.89434e-16 -7.73431e-16  8.82884e-16  -1.5751e-15 -3.05311e-16            0
-6.38462e-16  1.02186e-16 -4.46766e-16  4.88688e-16 -5.82908e-17  9.24436e-16  2.68363e-16  5.13478e-16  5.64362e-16  7.89434e-16            1  8.19984e-17    1.314e-15 -1.23803e-15 -2.08167e-16            0
 7.43992e-16 -3.36634e-16  5.88369e-16 -3.93791e-16  2.97262e-16 -5.13529e-16  2.38193e-16 -6.93889e-17  6.52898e-16 -7.73431e-16  8.19984e-17            1 -1.02602e-15 -9.76023e-16 -3.88578e-16            0
 1.66533e-16 -1.80681e-16 -1.01095e-16 -7.80923e-16 -7.50662e-16  1.39343e-16 -3.80836e-16   1.5184e-15  1.49615e-15  8.96564e-16  1.30647e-15 -1.10929e-15            1 -8.51736e-16  4.30211e-16            0
 3.94953e-16  5.55112e-17    7.604e-16  3.18954e-16  7.81636e-16 -8.09636e-16  8.28325e-16 -5.08932e-16 -2.32238e-16 -1.57497e-15 -1.22587e-15 -9.82962e-16 -8.51736e-16            1 -2.01228e-16            0
-1.38778e-17 -8.32667e-17 -8.13339e-17    1.249e-16  5.13478e-16  4.02456e-16  7.27366e-16  6.12323e-17 -2.28983e-16 -2.77556e-16 -2.27843e-16 -4.02456e-16  4.30211e-16 -2.01228e-16            2            0
           0            0            0            0            0            0            0            0            0            0            0            0            0            0            0            0

