Modal Analysis using Penalty method
____________________________________________
Member (0 -> 1)
 75.0003  43.3011 -75.0003 -43.3011
 43.3011  24.9997 -43.3011 -24.9997
-75.0003 -43.3011  75.0003  43.3011
-43.3011 -24.9997  43.3011  24.9997

Member (1 -> 2)
 75.0003 -43.3011 -75.0003  43.3011
-43.3011  24.9997  43.3011 -24.9997
-75.0003  43.3011  75.0003 -43.3011
 43.3011 -24.9997 -43.3011  24.9997

Member (3 -> 4)
  58.683 -49.2403  -58.683  49.2403
-49.2403   41.317  49.2403  -41.317
 -58.683  49.2403   58.683 -49.2403
 49.2403  -41.317 -49.2403   41.317

Member (4 -> 2)
 88.3024  32.1392 -88.3024 -32.1392
 32.1392  11.6976 -32.1392 -11.6976
-88.3024 -32.1392  88.3024  32.1392
-32.1392 -11.6976  32.1392  11.6976

Member (5 -> 6)
 41.3161 -49.2401 -41.3161  49.2401
-49.2401  58.6839  49.2401 -58.6839
-41.3161  49.2401  41.3161 -49.2401
 49.2401 -58.6839 -49.2401  58.6839

Member (6 -> 3)
 96.9847  17.1008 -96.9847 -17.1008
 17.1008  3.01528 -17.1008 -3.01528
-96.9847 -17.1008  96.9847  17.1008
-17.1008 -3.01528  17.1008  3.01528

Member (7 -> 8)
 24.9999 -43.3012 -24.9999  43.3012
-43.3012  75.0001  43.3012 -75.0001
-24.9999  43.3012  24.9999 -43.3012
 43.3012 -75.0001 -43.3012  75.0001

Member (8 -> 5)
 100    0 -100   -0
   0    0   -0   -0
-100   -0  100    0
  -0   -0    0    0

Member (9 -> 10)
  11.698 -32.1397  -11.698  32.1397
-32.1397   88.302  32.1397  -88.302
 -11.698  32.1397   11.698 -32.1397
 32.1397  -88.302 -32.1397   88.302

Member (10 -> 7)
 96.9847 -17.1009 -96.9847  17.1009
-17.1009  3.01534  17.1009 -3.01534
-96.9847  17.1009  96.9847 -17.1009
 17.1009 -3.01534 -17.1009  3.01534

Member (11 -> 12)
 3.01534 -17.1009 -3.01534  17.1009
-17.1009  96.9847  17.1009 -96.9847
-3.01534  17.1009  3.01534 -17.1009
 17.1009 -96.9847 -17.1009  96.9847

Member (12 -> 9)
  88.302 -32.1397  -88.302  32.1397
-32.1397   11.698  32.1397  -11.698
 -88.302  32.1397   88.302 -32.1397
 32.1397  -11.698 -32.1397   11.698

Member (13 -> 14)
   0   -0   -0    0
  -0  100    0 -100
  -0    0    0   -0
   0 -100   -0  100

Member (14 -> 11)
 75.0001 -43.3012 -75.0001  43.3012
-43.3012  24.9999  43.3012 -24.9999
-75.0001  43.3012  75.0001 -43.3012
 43.3012 -24.9999 -43.3012  24.9999

Member (15 -> 16)
 3.01528  17.1008 -3.01528 -17.1008
 17.1008  96.9847 -17.1008 -96.9847
-3.01528 -17.1008  3.01528  17.1008
-17.1008 -96.9847  17.1008  96.9847

Member (16 -> 13)
 58.6839 -49.2401 -58.6839  49.2401
-49.2401  41.3161  49.2401 -41.3161
-58.6839  49.2401  58.6839 -49.2401
 49.2401 -41.3161 -49.2401  41.3161

Member (17 -> 18)
 24.9997 -43.3011 -24.9997  43.3011
-43.3011  75.0003  43.3011 -75.0003
-24.9997  43.3011  24.9997 -43.3011
 43.3011 -75.0003 -43.3011  75.0003

Member (18 -> 19)
 24.9997  43.3011 -24.9997 -43.3011
 43.3011  75.0003 -43.3011 -75.0003
-24.9997 -43.3011  24.9997  43.3011
-43.3011 -75.0003  43.3011  75.0003

Member (17 -> 20)
 11.6976  32.1392 -11.6976 -32.1392
 32.1392  88.3024 -32.1392 -88.3024
-11.6976 -32.1392  11.6976  32.1392
-32.1392 -88.3024  32.1392  88.3024

Member (20 -> 15)
  41.317 -49.2403  -41.317  49.2403
-49.2403   58.683  49.2403  -58.683
 -41.317  49.2403   41.317 -49.2403
 49.2403  -58.683 -49.2403   58.683

Member (19 -> 21)
 11.6976 -32.1392 -11.6976  32.1392
-32.1392  88.3024  32.1392 -88.3024
-11.6976  32.1392  11.6976 -32.1392
 32.1392 -88.3024 -32.1392  88.3024

Member (21 -> 22)
  41.317  49.2403  -41.317 -49.2403
 49.2403   58.683 -49.2403  -58.683
 -41.317 -49.2403   41.317  49.2403
-49.2403  -58.683  49.2403   58.683

Member (22 -> 23)
 3.01528 -17.1008 -3.01528  17.1008
-17.1008  96.9847  17.1008 -96.9847
-3.01528  17.1008  3.01528 -17.1008
 17.1008 -96.9847 -17.1008  96.9847

Member (23 -> 24)
 58.6839  49.2401 -58.6839 -49.2401
 49.2401  41.3161 -49.2401 -41.3161
-58.6839 -49.2401  58.6839  49.2401
-49.2401 -41.3161  49.2401  41.3161

Member (24 -> 25)
   0   -0   -0    0
  -0  100    0 -100
  -0    0    0   -0
   0 -100   -0  100

Member (25 -> 26)
 75.0001  43.3012 -75.0001 -43.3012
 43.3012  24.9999 -43.3012 -24.9999
-75.0001 -43.3012  75.0001  43.3012
-43.3012 -24.9999  43.3012  24.9999

Member (26 -> 27)
 3.01534  17.1009 -3.01534 -17.1009
 17.1009  96.9847 -17.1009 -96.9847
-3.01534 -17.1009  3.01534  17.1009
-17.1009 -96.9847  17.1009  96.9847

Member (27 -> 28)
  88.302  32.1397  -88.302 -32.1397
 32.1397   11.698 -32.1397  -11.698
 -88.302 -32.1397   88.302  32.1397
-32.1397  -11.698  32.1397   11.698

Member (28 -> 29)
  11.698  32.1397  -11.698 -32.1397
 32.1397   88.302 -32.1397  -88.302
 -11.698 -32.1397   11.698  32.1397
-32.1397  -88.302  32.1397   88.302

Member (29 -> 30)
 96.9847  17.1009 -96.9847 -17.1009
 17.1009  3.01534 -17.1009 -3.01534
-96.9847 -17.1009  96.9847  17.1009
-17.1009 -3.01534  17.1009  3.01534

Member (30 -> 31)
 24.9999  43.3012 -24.9999 -43.3012
 43.3012  75.0001 -43.3012 -75.0001
-24.9999 -43.3012  24.9999  43.3012
-43.3012 -75.0001  43.3012  75.0001

Member (31 -> 32)
 100   -0 -100    0
  -0    0    0   -0
-100    0  100   -0
   0   -0   -0    0

Member (32 -> 33)
 41.3161  49.2401 -41.3161 -49.2401
 49.2401  58.6839 -49.2401 -58.6839
-41.3161 -49.2401  41.3161  49.2401
-49.2401 -58.6839  49.2401  58.6839

Member (33 -> 34)
 96.9847 -17.1008 -96.9847  17.1008
-17.1008  3.01528  17.1008 -3.01528
-96.9847  17.1008  96.9847 -17.1008
 17.1008 -3.01528 -17.1008  3.01528

Member (34 -> 35)
  58.683  49.2403  -58.683 -49.2403
 49.2403   41.317 -49.2403  -41.317
 -58.683 -49.2403   58.683  49.2403
-49.2403  -41.317  49.2403   41.317

Member (35 -> 36)
 88.3024 -32.1392 -88.3024  32.1392
-32.1392  11.6976  32.1392 -11.6976
-88.3024  32.1392  88.3024 -32.1392
 32.1392 -11.6976 -32.1392  11.6976

Member (37 -> 38)
 75.0003 -43.3011 -75.0003  43.3011
-43.3011  24.9997  43.3011 -24.9997
-75.0003  43.3011  75.0003 -43.3011
 43.3011 -24.9997 -43.3011  24.9997

Member (38 -> 36)
 75.0003  43.3011 -75.0003 -43.3011
 43.3011  24.9997 -43.3011 -24.9997
-75.0003 -43.3011  75.0003  43.3011
-43.3011 -24.9997  43.3011  24.9997

Member (38 -> 35)
 0.759591  -8.68229 -0.759591   8.68229
 -8.68229   99.2404   8.68229  -99.2404
-0.759591   8.68229  0.759591  -8.68229
  8.68229  -99.2404  -8.68229   99.2404

Member (35 -> 33)
 6.69869 -24.9999 -6.69869  24.9999
-24.9999  93.3013  24.9999 -93.3013
-6.69869  24.9999  6.69869 -24.9999
 24.9999 -93.3013 -24.9999  93.3013

Member (33 -> 31)
 17.8609 -38.3024 -17.8609  38.3024
-38.3024  82.1391  38.3024 -82.1391
-17.8609  38.3024  17.8609 -38.3024
 38.3024 -82.1391 -38.3024  82.1391

Member (31 -> 29)
 32.8989 -46.9846 -32.8989  46.9846
-46.9846  67.1011  46.9846 -67.1011
-32.8989  46.9846  32.8989 -46.9846
 46.9846 -67.1011 -46.9846  67.1011

Member (29 -> 27)
 50 -50 -50  50
-50  50  50 -50
-50  50  50 -50
 50 -50 -50  50

Member (27 -> 25)
 67.1011 -46.9846 -67.1011  46.9846
-46.9846  32.8989  46.9846 -32.8989
-67.1011  46.9846  67.1011 -46.9846
 46.9846 -32.8989 -46.9846  32.8989

Member (25 -> 23)
 82.1391 -38.3024 -82.1391  38.3024
-38.3024  17.8609  38.3024 -17.8609
-82.1391  38.3024  82.1391 -38.3024
 38.3024 -17.8609 -38.3024  17.8609

Member (23 -> 21)
 93.3013 -24.9999 -93.3013  24.9999
-24.9999  6.69869  24.9999 -6.69869
-93.3013  24.9999  93.3013 -24.9999
 24.9999 -6.69869 -24.9999  6.69869

Member (21 -> 18)
  99.2404  -8.68229  -99.2404   8.68229
 -8.68229  0.759591   8.68229 -0.759591
 -99.2404   8.68229   99.2404  -8.68229
  8.68229 -0.759591  -8.68229  0.759591

Member (18 -> 20)
  99.2404   8.68229  -99.2404  -8.68229
  8.68229  0.759591  -8.68229 -0.759591
 -99.2404  -8.68229   99.2404   8.68229
 -8.68229 -0.759591   8.68229  0.759591

Member (20 -> 16)
 93.3013  24.9999 -93.3013 -24.9999
 24.9999  6.69869 -24.9999 -6.69869
-93.3013 -24.9999  93.3013  24.9999
-24.9999 -6.69869  24.9999  6.69869

Member (16 -> 14)
 82.1391  38.3024 -82.1391 -38.3024
 38.3024  17.8609 -38.3024 -17.8609
-82.1391 -38.3024  82.1391  38.3024
-38.3024 -17.8609  38.3024  17.8609

Member (14 -> 12)
 67.1011  46.9846 -67.1011 -46.9846
 46.9846  32.8989 -46.9846 -32.8989
-67.1011 -46.9846  67.1011  46.9846
-46.9846 -32.8989  46.9846  32.8989

Member (12 -> 10)
 50  50 -50 -50
 50  50 -50 -50
-50 -50  50  50
-50 -50  50  50

Member (10 -> 8)
 32.8989  46.9846 -32.8989 -46.9846
 46.9846  67.1011 -46.9846 -67.1011
-32.8989 -46.9846  32.8989  46.9846
-46.9846 -67.1011  46.9846  67.1011

Member (8 -> 6)
 17.8609  38.3024 -17.8609 -38.3024
 38.3024  82.1391 -38.3024 -82.1391
-17.8609 -38.3024  17.8609  38.3024
-38.3024 -82.1391  38.3024  82.1391

Member (6 -> 4)
 6.69869  24.9999 -6.69869 -24.9999
 24.9999  93.3013 -24.9999 -93.3013
-6.69869 -24.9999  6.69869  24.9999
-24.9999 -93.3013  24.9999  93.3013

Member (4 -> 1)
 0.759591   8.68229 -0.759591  -8.68229
  8.68229   99.2404  -8.68229  -99.2404
-0.759591  -8.68229  0.759591   8.68229
 -8.68229  -99.2404   8.68229   99.2404

Member (37 -> 36)
 0  0 -0 -0
 0  0 -0 -0
-0 -0  0  0
-0 -0  0  0

Member (36 -> 34)
 0 -0 -0  0
-0  0  0 -0
-0  0  0 -0
 0 -0 -0  0

Member (34 -> 32)
 0 -0 -0  0
-0  0  0 -0
-0  0  0 -0
 0 -0 -0  0

Member (32 -> 30)
 0 -0 -0  0
-0  0  0 -0
-0  0  0 -0
 0 -0 -0  0

Member (30 -> 28)
 0 -0 -0  0
-0  0  0 -0
-0  0  0 -0
 0 -0 -0  0

Member (28 -> 26)
 0 -0 -0  0
-0  0  0 -0
-0  0  0 -0
 0 -0 -0  0

Member (26 -> 24)
 0 -0 -0  0
-0  0  0 -0
-0  0  0 -0
 0 -0 -0  0

Member (24 -> 22)
 0 -0 -0  0
-0  0  0 -0
-0  0  0 -0
 0 -0 -0  0

Member (22 -> 19)
 0 -0 -0  0
-0  0  0 -0
-0  0  0 -0
 0 -0 -0  0

Member (19 -> 17)
 0  0 -0 -0
 0  0 -0 -0
-0 -0  0  0
-0 -0  0  0

Member (17 -> 15)
 0  0 -0 -0
 0  0 -0 -0
-0 -0  0  0
-0 -0  0  0

Member (15 -> 13)
 0  0 -0 -0
 0  0 -0 -0
-0 -0  0  0
-0 -0  0  0

Member (13 -> 11)
 0  0 -0 -0
 0  0 -0 -0
-0 -0  0  0
-0 -0  0  0

Member (11 -> 9)
 0  0 -0 -0
 0  0 -0 -0
-0 -0  0  0
-0 -0  0  0

Member (9 -> 7)
 0  0 -0 -0
 0  0 -0 -0
-0 -0  0  0
-0 -0  0  0

Member (7 -> 5)
 0  0 -0 -0
 0  0 -0 -0
-0 -0  0  0
-0 -0  0  0

Member (5 -> 3)
 0  0 -0 -0
 0  0 -0 -0
-0 -0  0  0
-0 -0  0  0

Member (3 -> 2)
 0  0 -0 -0
 0  0 -0 -0
-0 -0  0  0
-0 -0  0  0

Member (2 -> 0)
 0 -0 -0  0
-0  0  0 -0
-0  0  0 -0
 0 -0 -0  0

Member (39 -> 40)
  58.683  49.2403  -58.683 -49.2403
 49.2403   41.317 -49.2403  -41.317
 -58.683 -49.2403   58.683  49.2403
-49.2403  -41.317  49.2403   41.317

Member (40 -> 0)
 88.3024 -32.1392 -88.3024  32.1392
-32.1392  11.6976  32.1392 -11.6976
-88.3024  32.1392  88.3024 -32.1392
 32.1392 -11.6976 -32.1392  11.6976

Member (41 -> 42)
 41.3161  49.2401 -41.3161 -49.2401
 49.2401  58.6839 -49.2401 -58.6839
-41.3161 -49.2401  41.3161  49.2401
-49.2401 -58.6839  49.2401  58.6839

Member (42 -> 39)
 96.9847 -17.1008 -96.9847  17.1008
-17.1008  3.01528  17.1008 -3.01528
-96.9847  17.1008  96.9847 -17.1008
 17.1008 -3.01528 -17.1008  3.01528

Member (43 -> 44)
 24.9999  43.3012 -24.9999 -43.3012
 43.3012  75.0001 -43.3012 -75.0001
-24.9999 -43.3012  24.9999  43.3012
-43.3012 -75.0001  43.3012  75.0001

Member (44 -> 41)
 100    0 -100   -0
   0    0   -0   -0
-100   -0  100    0
  -0   -0    0    0

Member (45 -> 46)
  11.698  32.1397  -11.698 -32.1397
 32.1397   88.302 -32.1397  -88.302
 -11.698 -32.1397   11.698  32.1397
-32.1397  -88.302  32.1397   88.302

Member (46 -> 43)
 96.9847  17.1009 -96.9847 -17.1009
 17.1009  3.01534 -17.1009 -3.01534
-96.9847 -17.1009  96.9847  17.1009
-17.1009 -3.01534  17.1009  3.01534

Member (47 -> 48)
 3.01534  17.1009 -3.01534 -17.1009
 17.1009  96.9847 -17.1009 -96.9847
-3.01534 -17.1009  3.01534  17.1009
-17.1009 -96.9847  17.1009  96.9847

Member (48 -> 45)
  88.302  32.1397  -88.302 -32.1397
 32.1397   11.698 -32.1397  -11.698
 -88.302 -32.1397   88.302  32.1397
-32.1397  -11.698  32.1397   11.698

Member (49 -> 50)
   0    0   -0   -0
   0  100   -0 -100
  -0   -0    0    0
  -0 -100    0  100

Member (50 -> 47)
 75.0001  43.3012 -75.0001 -43.3012
 43.3012  24.9999 -43.3012 -24.9999
-75.0001 -43.3012  75.0001  43.3012
-43.3012 -24.9999  43.3012  24.9999

Member (51 -> 52)
 3.01528 -17.1008 -3.01528  17.1008
-17.1008  96.9847  17.1008 -96.9847
-3.01528  17.1008  3.01528 -17.1008
 17.1008 -96.9847 -17.1008  96.9847

Member (52 -> 49)
 58.6839  49.2401 -58.6839 -49.2401
 49.2401  41.3161 -49.2401 -41.3161
-58.6839 -49.2401  58.6839  49.2401
-49.2401 -41.3161  49.2401  41.3161

Member (53 -> 54)
 24.9997  43.3011 -24.9997 -43.3011
 43.3011  75.0003 -43.3011 -75.0003
-24.9997 -43.3011  24.9997  43.3011
-43.3011 -75.0003  43.3011  75.0003

Member (54 -> 55)
 24.9997 -43.3011 -24.9997  43.3011
-43.3011  75.0003  43.3011 -75.0003
-24.9997  43.3011  24.9997 -43.3011
 43.3011 -75.0003 -43.3011  75.0003

Member (53 -> 56)
 11.6976 -32.1392 -11.6976  32.1392
-32.1392  88.3024  32.1392 -88.3024
-11.6976  32.1392  11.6976 -32.1392
 32.1392 -88.3024 -32.1392  88.3024

Member (56 -> 51)
  41.317  49.2403  -41.317 -49.2403
 49.2403   58.683 -49.2403  -58.683
 -41.317 -49.2403   41.317  49.2403
-49.2403  -58.683  49.2403   58.683

Member (55 -> 57)
 11.6976  32.1392 -11.6976 -32.1392
 32.1392  88.3024 -32.1392 -88.3024
-11.6976 -32.1392  11.6976  32.1392
-32.1392 -88.3024  32.1392  88.3024

Member (57 -> 58)
  41.317 -49.2403  -41.317  49.2403
-49.2403   58.683  49.2403  -58.683
 -41.317  49.2403   41.317 -49.2403
 49.2403  -58.683 -49.2403   58.683

Member (58 -> 59)
 3.01528  17.1008 -3.01528 -17.1008
 17.1008  96.9847 -17.1008 -96.9847
-3.01528 -17.1008  3.01528  17.1008
-17.1008 -96.9847  17.1008  96.9847

Member (59 -> 60)
 58.6839 -49.2401 -58.6839  49.2401
-49.2401  41.3161  49.2401 -41.3161
-58.6839  49.2401  58.6839 -49.2401
 49.2401 -41.3161 -49.2401  41.3161

Member (60 -> 61)
   0    0   -0   -0
   0  100   -0 -100
  -0   -0    0    0
  -0 -100    0  100

Member (61 -> 62)
 75.0001 -43.3012 -75.0001  43.3012
-43.3012  24.9999  43.3012 -24.9999
-75.0001  43.3012  75.0001 -43.3012
 43.3012 -24.9999 -43.3012  24.9999

Member (62 -> 63)
 3.01534 -17.1009 -3.01534  17.1009
-17.1009  96.9847  17.1009 -96.9847
-3.01534  17.1009  3.01534 -17.1009
 17.1009 -96.9847 -17.1009  96.9847

Member (63 -> 64)
  88.302 -32.1397  -88.302  32.1397
-32.1397   11.698  32.1397  -11.698
 -88.302  32.1397   88.302 -32.1397
 32.1397  -11.698 -32.1397   11.698

Member (64 -> 65)
  11.698 -32.1397  -11.698  32.1397
-32.1397   88.302  32.1397  -88.302
 -11.698  32.1397   11.698 -32.1397
 32.1397  -88.302 -32.1397   88.302

Member (65 -> 66)
 96.9847 -17.1009 -96.9847  17.1009
-17.1009  3.01534  17.1009 -3.01534
-96.9847  17.1009  96.9847 -17.1009
 17.1009 -3.01534 -17.1009  3.01534

Member (66 -> 67)
 24.9999 -43.3012 -24.9999  43.3012
-43.3012  75.0001  43.3012 -75.0001
-24.9999  43.3012  24.9999 -43.3012
 43.3012 -75.0001 -43.3012  75.0001

Member (67 -> 68)
 100   -0 -100    0
  -0    0    0   -0
-100    0  100   -0
   0   -0   -0    0

Member (68 -> 69)
 41.3161 -49.2401 -41.3161  49.2401
-49.2401  58.6839  49.2401 -58.6839
-41.3161  49.2401  41.3161 -49.2401
 49.2401 -58.6839 -49.2401  58.6839

Member (69 -> 70)
 96.9847  17.1008 -96.9847 -17.1008
 17.1008  3.01528 -17.1008 -3.01528
-96.9847 -17.1008  96.9847  17.1008
-17.1008 -3.01528  17.1008  3.01528

Member (70 -> 71)
  58.683 -49.2403  -58.683  49.2403
-49.2403   41.317  49.2403  -41.317
 -58.683  49.2403   58.683 -49.2403
 49.2403  -41.317 -49.2403   41.317

Member (71 -> 37)
 88.3024  32.1392 -88.3024 -32.1392
 32.1392  11.6976 -32.1392 -11.6976
-88.3024 -32.1392  88.3024  32.1392
-32.1392 -11.6976  32.1392  11.6976

Member (38 -> 71)
 0.759591   8.68229 -0.759591  -8.68229
  8.68229   99.2404  -8.68229  -99.2404
-0.759591  -8.68229  0.759591   8.68229
 -8.68229  -99.2404   8.68229   99.2404

Member (71 -> 69)
 6.69869  24.9999 -6.69869 -24.9999
 24.9999  93.3013 -24.9999 -93.3013
-6.69869 -24.9999  6.69869  24.9999
-24.9999 -93.3013  24.9999  93.3013

Member (69 -> 67)
 17.8609  38.3024 -17.8609 -38.3024
 38.3024  82.1391 -38.3024 -82.1391
-17.8609 -38.3024  17.8609  38.3024
-38.3024 -82.1391  38.3024  82.1391

Member (67 -> 65)
 32.8989  46.9846 -32.8989 -46.9846
 46.9846  67.1011 -46.9846 -67.1011
-32.8989 -46.9846  32.8989  46.9846
-46.9846 -67.1011  46.9846  67.1011

Member (65 -> 63)
 50  50 -50 -50
 50  50 -50 -50
-50 -50  50  50
-50 -50  50  50

Member (63 -> 61)
 67.1011  46.9846 -67.1011 -46.9846
 46.9846  32.8989 -46.9846 -32.8989
-67.1011 -46.9846  67.1011  46.9846
-46.9846 -32.8989  46.9846  32.8989

Member (61 -> 59)
 82.1391  38.3024 -82.1391 -38.3024
 38.3024  17.8609 -38.3024 -17.8609
-82.1391 -38.3024  82.1391  38.3024
-38.3024 -17.8609  38.3024  17.8609

Member (59 -> 57)
 93.3013  24.9999 -93.3013 -24.9999
 24.9999  6.69869 -24.9999 -6.69869
-93.3013 -24.9999  93.3013  24.9999
-24.9999 -6.69869  24.9999  6.69869

Member (57 -> 54)
  99.2404   8.68229  -99.2404  -8.68229
  8.68229  0.759591  -8.68229 -0.759591
 -99.2404  -8.68229   99.2404   8.68229
 -8.68229 -0.759591   8.68229  0.759591

Member (54 -> 56)
  99.2404  -8.68229  -99.2404   8.68229
 -8.68229  0.759591   8.68229 -0.759591
 -99.2404   8.68229   99.2404  -8.68229
  8.68229 -0.759591  -8.68229  0.759591

Member (56 -> 52)
 93.3013 -24.9999 -93.3013  24.9999
-24.9999  6.69869  24.9999 -6.69869
-93.3013  24.9999  93.3013 -24.9999
 24.9999 -6.69869 -24.9999  6.69869

Member (52 -> 50)
 82.1391 -38.3024 -82.1391  38.3024
-38.3024  17.8609  38.3024 -17.8609
-82.1391  38.3024  82.1391 -38.3024
 38.3024 -17.8609 -38.3024  17.8609

Member (50 -> 48)
 67.1011 -46.9846 -67.1011  46.9846
-46.9846  32.8989  46.9846 -32.8989
-67.1011  46.9846  67.1011 -46.9846
 46.9846 -32.8989 -46.9846  32.8989

Member (48 -> 46)
 50 -50 -50  50
-50  50  50 -50
-50  50  50 -50
 50 -50 -50  50

Member (46 -> 44)
 32.8989 -46.9846 -32.8989  46.9846
-46.9846  67.1011  46.9846 -67.1011
-32.8989  46.9846  32.8989 -46.9846
 46.9846 -67.1011 -46.9846  67.1011

Member (44 -> 42)
 17.8609 -38.3024 -17.8609  38.3024
-38.3024  82.1391  38.3024 -82.1391
-17.8609  38.3024  17.8609 -38.3024
 38.3024 -82.1391 -38.3024  82.1391

Member (42 -> 40)
 6.69869 -24.9999 -6.69869  24.9999
-24.9999  93.3013  24.9999 -93.3013
-6.69869  24.9999  6.69869 -24.9999
 24.9999 -93.3013 -24.9999  93.3013

Member (40 -> 1)
 0.759591  -8.68229 -0.759591   8.68229
 -8.68229   99.2404   8.68229  -99.2404
-0.759591   8.68229  0.759591  -8.68229
  8.68229  -99.2404  -8.68229   99.2404

Member (37 -> 70)
 0  0 -0 -0
 0  0 -0 -0
-0 -0  0  0
-0 -0  0  0

Member (70 -> 68)
 0  0 -0 -0
 0  0 -0 -0
-0 -0  0  0
-0 -0  0  0

Member (68 -> 66)
 0  0 -0 -0
 0  0 -0 -0
-0 -0  0  0
-0 -0  0  0

Member (66 -> 64)
 0  0 -0 -0
 0  0 -0 -0
-0 -0  0  0
-0 -0  0  0

Member (64 -> 62)
 0  0 -0 -0
 0  0 -0 -0
-0 -0  0  0
-0 -0  0  0

Member (62 -> 60)
 0  0 -0 -0
 0  0 -0 -0
-0 -0  0  0
-0 -0  0  0

Member (60 -> 58)
 0  0 -0 -0
 0  0 -0 -0
-0 -0  0  0
-0 -0  0  0

Member (58 -> 55)
 0  0 -0 -0
 0  0 -0 -0
-0 -0  0  0
-0 -0  0  0

Member (55 -> 53)
 0  0 -0 -0
 0  0 -0 -0
-0 -0  0  0
-0 -0  0  0

Member (53 -> 51)
 0 -0 -0  0
-0  0  0 -0
-0  0  0 -0
 0 -0 -0  0

Member (51 -> 49)
 0 -0 -0  0
-0  0  0 -0
-0  0  0 -0
 0 -0 -0  0

Member (49 -> 47)
 0 -0 -0  0
-0  0  0 -0
-0  0  0 -0
 0 -0 -0  0

Member (47 -> 45)
 0 -0 -0  0
-0  0  0 -0
-0  0  0 -0
 0 -0 -0  0

Member (45 -> 43)
 0 -0 -0  0
-0  0  0 -0
-0  0  0 -0
 0 -0 -0  0

Member (43 -> 41)
 0 -0 -0  0
-0  0  0 -0
-0  0  0 -0
 0 -0 -0  0

Member (41 -> 39)
 0 -0 -0  0
-0  0  0 -0
-0  0  0 -0
 0 -0 -0  0

Member (39 -> 0)
 0 -0 -0  0
-0  0  0 -0
-0  0  0 -0
 0 -0 -0  0

Global Stiffness Matrix
  163.303   11.1619  -75.0003  -43.3011         0         0         0         0         0         0         0         0         0         0         0         0         0         0         0         0         0         0         0         0         0         0         0         0         0         0         0         0         0         0         0         0         0         0         0         0         0         0         0         0         0         0         0         0         0         0         0         0         0         0         0         0         0         0         0         0         0         0         0         0         0         0         0         0         0         0         0         0         0         0         0         0         0         0         0         0  -88.3024   32.1392         0         0         0         0         0         0         0         0         0         0         0         0         0         0         0         0         0         0         0         0         0         0         0         0         0         0         0         0         0         0         0         0         0         0         0         0         0         0         0         0         0         0         0         0         0         0         0         0         0         0         0         0         0         0         0         0         0         0         0         0         0         0
  11.1619   36.6974  -43.3011  -24.9997         0         0         0         0         0         0         0         0         0         0         0         0         0         0         0         0         0         0         0         0         0         0         0         0         0         0         0         0         0         0         0         0         0         0         0         0         0         0         0         0         0         0         0         0         0         0         0         0         0         0         0         0         0         0         0         0         0         0         0         0         0         0         0         0         0         0         0         0         0         0         0         0         0         0         0         0   32.1392  -11.6976         0         0         0         0         0         0         0         0         0         0         0         0         0         0         0         0         0         0         0         0         0         0         0         0         0         0         0         0         0         0         0         0         0         0         0         0         0         0         0         0         0         0         0         0         0         0         0         0         0         0         0         0         0         0         0         0         0         0         0         0         0         0
 -75.0003  -43.3011    151.52         0  -75.0003   43.3011         0         0 -0.759591  -8.68229         0         0         0         0         0         0         0         0         0         0         0         0         0         0         0         0         0         0         0         0         0         0         0         0         0         0         0         0         0         0         0         0         0         0         0         0         0         0         0         0         0         0         0         0         0         0         0         0         0         0         0         0         0         0         0         0         0         0         0         0         0         0         0         0         0         0         0         0         0         0 -0.759591   8.68229         0         0         0         0         0         0         0         0         0         0         0         0         0         0         0         0         0         0         0         0         0         0         0         0         0         0         0         0         0         0         0         0         0         0         0         0         0         0         0         0         0         0         0         0         0         0         0         0         0         0         0         0         0         0         0         0         0         0         0         0         0         0
 -43.3011  -24.9997         0    248.48   43.3011  -24.9997         0         0  -8.68229  -99.2404         0         0         0         0         0         0         0         0         0         0         0         0         0         0         0         0         0         0         0         0         0         0         0         0         0         0         0         0         0         0         0         0         0         0         0         0         0         0         0         0         0         0         0         0         0         0         0         0         0         0         0         0         0         0         0         0         0         0         0         0         0         0         0         0         0         0         0         0         0         0   8.68229  -99.2404         0         0         0         0         0         0         0         0         0         0         0         0         0         0         0         0         0         0         0         0         0         0         0         0         0         0         0         0         0         0         0         0         0         0         0         0         0         0         0         0         0         0         0         0         0         0         0         0         0         0         0         0         0         0         0         0         0         0         0         0         0         0
        0         0  -75.0003   43.3011   163.303  -11.1619         0         0  -88.3024  -32.1392         0         0         0         0         0         0         0         0         0         0         0         0         0         0         0         0         0         0         0         0         0         0         0         0         0         0         0         0         0         0         0         0         0         0         0         0         0         0         0         0         0         0         0         0         0         0         0         0         0         0         0         0         0         0         0         0         0         0         0         0         0         0         0         0         0         0         0         0         0         0         0         0         0         0         0         0         0         0         0         0         0         0         0         0         0         0         0         0         0         0         0         0         0         0         0         0         0         0         0         0         0         0         0         0         0         0         0         0         0         0         0         0         0         0         0         0         0         0         0         0         0         0         0         0         0         0         0         0         0         0         0         0         0         0
        0         0   43.3011  -24.9997  -11.1619   36.6974         0         0  -32.1392  -11.6976         0         0         0         0         0         0         0         0         0         0         0         0         0         0         0         0         0         0         0         0         0         0         0         0         0         0         0         0         0         0         0         0         0         0         0         0         0         0         0         0         0         0         0         0         0         0         0         0         0         0         0         0         0         0         0         0         0         0         0         0         0         0         0         0         0         0         0         0         0         0         0         0         0         0         0         0         0         0         0         0         0         0         0         0         0         0         0         0         0         0         0         0         0         0         0         0         0         0         0         0         0         0         0         0         0         0         0         0         0         0         0         0         0         0         0         0         0         0         0         0         0         0         0         0         0         0         0         0         0         0         0         0         0         0
        0         0         0         0         0         0   155.668  -32.1395   -58.683   49.2403         0         0  -96.9847  -17.1008         0         0         0         0         0         0         0         0         0         0         0         0         0         0         0         0         0         0         0         0         0         0         0         0         0         0         0         0         0         0         0         0         0         0         0         0         0         0         0         0         0         0         0         0         0         0         0         0         0         0         0         0         0         0         0         0         0         0         0         0         0         0         0         0         0         0         0         0         0         0         0         0         0         0         0         0         0         0         0         0         0         0         0         0         0         0         0         0         0         0         0         0         0         0         0         0         0         0         0         0         0         0         0         0         0         0         0         0         0         0         0         0         0         0         0         0         0         0         0         0         0         0         0         0         0         0         0         0         0         0
        0         0         0         0         0         0  -32.1395   44.3323   49.2403   -41.317         0         0  -17.1008  -3.01528         0         0         0         0         0         0         0         0         0         0         0         0         0         0         0         0         0         0         0         0         0         0         0         0         0         0         0         0         0         0         0         0         0         0         0         0         0         0         0         0         0         0         0         0         0         0         0         0         0         0         0         0         0         0         0         0         0         0         0         0         0         0         0         0         0         0         0         0         0         0         0         0         0         0         0         0         0         0         0         0         0         0         0         0         0         0         0         0         0         0         0         0         0         0         0         0         0         0         0         0         0         0         0         0         0         0         0         0         0         0         0         0         0         0         0         0         0         0         0         0         0         0         0         0         0         0         0         0         0         0
        0         0 -0.759591  -8.68229  -88.3024  -32.1392   -58.683   49.2403   154.444   16.5811         0         0  -6.69869  -24.9999         0         0         0         0         0         0         0         0         0         0         0         0         0         0         0         0         0         0         0         0         0         0         0         0         0         0         0         0         0         0         0         0         0         0         0         0         0         0         0         0         0         0         0         0         0         0         0         0         0         0         0         0         0         0         0         0         0         0         0         0         0         0         0         0         0         0         0         0         0         0         0         0         0         0         0         0         0         0         0         0         0         0         0         0         0         0         0         0         0         0         0         0         0         0         0         0         0         0         0         0         0         0         0         0         0         0         0         0         0         0         0         0         0         0         0         0         0         0         0         0         0         0         0         0         0         0         0         0         0         0
        0         0  -8.68229  -99.2404  -32.1392  -11.6976   49.2403   -41.317   16.5811   245.556         0         0  -24.9999  -93.3013         0         0         0         0         0         0         0         0         0         0         0         0         0         0         0         0         0         0         0         0         0         0         0         0         0         0         0         0         0         0         0         0         0         0         0         0         0         0         0         0         0         0         0         0         0         0         0         0         0         0         0         0         0         0         0         0         0         0         0         0         0         0         0         0         0         0         0         0         0         0         0         0         0         0         0         0         0         0         0         0         0         0         0         0         0         0         0         0         0         0         0         0         0         0         0         0         0         0         0         0         0         0         0         0         0         0         0         0         0         0         0         0         0         0         0         0         0         0         0         0         0         0         0         0         0         0         0         0         0         0
        0         0         0         0         0         0         0         0         0         0   141.316  -49.2401  -41.3161   49.2401         0         0      -100         0         0         0         0         0         0         0         0         0         0         0         0         0         0         0         0         0         0         0         0         0         0         0         0         0         0         0         0         0         0         0         0         0         0         0         0         0         0         0         0         0         0         0         0         0         0         0         0         0         0         0         0         0         0         0         0         0         0         0         0         0         0         0         0         0         0         0         0         0         0         0         0         0         0         0         0         0         0         0         0         0         0         0         0         0         0         0         0         0         0         0         0         0         0         0         0         0         0         0         0         0         0         0         0         0         0         0         0         0         0         0         0         0         0         0         0         0         0         0         0         0         0         0         0         0         0         0
        0         0         0         0         0         0         0         0         0         0  -49.2401   58.6839   49.2401  -58.6839         0         0         0         0         0         0         0         0         0         0         0         0         0         0         0         0         0         0         0         0         0         0         0         0         0         0         0         0         0         0         0         0         0         0         0         0         0         0         0         0         0         0         0         0         0         0         0         0         0         0         0         0         0         0         0         0         0         0         0         0         0         0         0         0         0         0         0         0         0         0         0         0         0         0         0         0         0         0         0         0         0         0         0         0         0         0         0         0         0         0         0         0         0         0         0         0         0         0         0         0         0         0         0         0         0         0         0         0         0         0         0         0         0         0         0         0         0         0         0         0         0         0         0         0         0         0         0         0         0         0
        0         0         0         0         0         0  -96.9847  -17.1008  -6.69869  -24.9999  -41.3161   49.2401    162.86    31.163         0         0  -17.8609  -38.3024         0         0         0         0         0         0         0         0         0         0         0         0         0         0         0         0         0         0         0         0         0         0         0         0         0         0         0         0         0         0         0         0         0         0         0         0         0         0         0         0         0         0         0         0         0         0         0         0         0         0         0         0         0         0         0         0         0         0         0         0         0         0         0         0         0         0         0         0         0         0         0         0         0         0         0         0         0         0         0         0         0         0         0         0         0         0         0         0         0         0         0         0         0         0         0         0         0         0         0         0         0         0         0         0         0         0         0         0         0         0         0         0         0         0         0         0         0         0         0         0         0         0         0         0         0         0
        0         0         0         0         0         0  -17.1008  -3.01528  -24.9999  -93.3013   49.2401  -58.6839    31.163    237.14         0         0  -38.3024  -82.1391         0         0         0         0         0         0         0         0         0         0         0         0         0         0         0         0         0         0         0         0         0         0         0         0         0         0         0         0         0         0         0         0         0         0         0         0         0         0         0         0         0         0         0         0         0         0         0         0         0         0         0         0         0         0         0         0         0         0         0         0         0         0         0         0         0         0         0         0         0         0         0         0         0         0         0         0         0         0         0         0         0         0         0         0         0         0         0         0         0         0         0         0         0         0         0         0         0         0         0         0         0         0         0         0         0         0         0         0         0         0         0         0         0         0         0         0         0         0         0         0         0         0         0         0         0         0
