Global Stiffness Matrix
        125    -43.3013         -25     43.3013        -100           0           0           0
   -43.3013          75     43.3013         -75           0           0           0           0
        -25     43.3013     83.1099     6.03664           0           0    -58.1099    -49.3379
    43.3013         -75     6.03664 1.00012e+06           0      -1e+06    -49.3379    -41.8901
       -100           0           0           0         200           0        -100           0
          0           0           0      -1e+06           0       1e+06           0           0
          0           0    -58.1099    -49.3379        -100           0      158.11     49.3379
          0           0    -49.3379    -41.8901           0           0     49.3379     41.8901

Global Support Inclination Matrix
 1 -0  0  0  0  0  0  0
 0  1  0  0  0  0  0  0
 0  0  1  0  0  0  0  0
 0  0  0  1  0  0  0  0
 0  0  0  0  1  0  0  0
 0  0  0  0  0  1  0  0
 0  0  0  0  0  0  1 -0
 0  0  0  0  0  0  0  1

Global Point Mass Matrix
0.01    0    0    0    0    0    0    0
   0 0.01    0    0    0    0    0    0
   0    0  100    0    0    0    0    0
   0    0    0  100    0    0    0    0
   0    0    0    0 0.01    0    0    0
   0    0    0    0    0 0.01    0    0
   0    0    0    0    0    0 0.01    0
   0    0    0    0    0    0    0 0.01

Global DOF Matrix
0
0
1
1
1
1
0
0

Reduced Global Stiffness Matrix
    83.1099     6.03664           0           0
    6.03664 1.00012e+06           0      -1e+06
          0           0         200           0
          0      -1e+06           0       1e+06

Reduced Global Mass Matrix
 100    0    0    0
   0  100    0    0
   0    0 0.01    0
   0    0    0 0.01

Reduced Inverse Square Root Point Mass Matrix
0.1   0   0   0
  0 0.1   0   0
  0   0  10   0
  0   0   0  10

Standard Eigen Value Z - matrix:
 0.831099 0.0603664         0         0
0.0603664   10001.2         0    -1e+06
        0         0     20000         0
        0    -1e+06         0     1e+08

Modal Analysis Success !!!!! 
Eigen Values 
  0.820633
   1.17925
     20000
1.0001e+08

Eigen Vectors of the Reduced matrix 
        1  0.173392         0        -0
-0.173374         1         0   -0.0001
        0         0         1         0
-0.173374         1         0         1

Global Eigen Vector Matrix
        0         0         0         0
        0         0         0         0
        1  0.173392         0        -0
-0.173374         1         0   -0.0001
        0         0         1         0
-0.173374         1         0         1
        0         0         0         0
        0         0         0         0

Global Participation Factors
  1.2461
0.877937
     inf
 -1.0001

Cumulative Participation Factors
inf

