Global Stiffness Matrix
   25100 -43301.3   -25000  43301.3     -100        0        0        0
-43301.3    75000  43301.3   -75000        0        0        0        0
  -25000  43301.3  25058.1 -43251.9        0        0 -58.1099 -49.3379
 43301.3   -75000 -43251.9  75141.9        0     -100 -49.3379 -41.8901
    -100        0        0        0      200        0     -100        0
       0        0        0     -100        0      100        0        0
       0        0 -58.1099 -49.3379     -100        0   158.11  49.3379
       0        0 -49.3379 -41.8901        0        0  49.3379  41.8901

Global Point Mass Matrix
1e-12     0     0     0     0     0     0     0
    0 1e-12     0     0     0     0     0     0
    0     0   100     0     0     0     0     0
    0     0     0   100     0     0     0     0
    0     0     0     0 1e-12     0     0     0
    0     0     0     0     0 1e-12     0     0
    0     0     0     0     0     0 1e-12     0
    0     0     0     0     0     0     0 1e-12

Global DOF Matrix
1
1
0
0
0
0
1
1

Global Augmentation Matrix
      0.5 -0.866025      -0.5  0.866025         0         0         0         0

Augmented Global stiffness Matrix
    25100  -43301.3    -25000   43301.3      -100         0         0         0       0.5
 -43301.3     75000   43301.3    -75000         0         0         0         0 -0.866025
   -25000   43301.3   25058.1  -43251.9         0         0  -58.1099  -49.3379      -0.5
  43301.3    -75000  -43251.9   75141.9         0      -100  -49.3379  -41.8901  0.866025
     -100         0         0         0       200         0      -100         0         0
        0         0         0      -100         0       100         0         0         0
        0         0  -58.1099  -49.3379      -100         0    158.11   49.3379         0
        0         0  -49.3379  -41.8901         0         0   49.3379   41.8901         0
      0.5 -0.866025      -0.5  0.866025         0         0         0         0     1e-12

Augmented Global point mass Matrix
1e-12     0     0     0     0     0     0     0     0
    0 1e-12     0     0     0     0     0     0     0
    0     0   100     0     0     0     0     0     0
    0     0     0   100     0     0     0     0     0
    0     0     0     0 1e-12     0     0     0     0
    0     0     0     0     0 1e-12     0     0     0
    0     0     0     0     0     0 1e-12     0     0
    0     0     0     0     0     0     0 1e-12     0
    0     0     0     0     0     0     0     0 1e-12

Augmented Global DOF Matrix
1
1
0
0
0
0
1
1
0

Reduced Augmented Global Stiffness Matrix
 25058.1 -43251.9        0        0     -0.5
-43251.9  75141.9        0     -100 0.866025
       0        0      200        0        0
       0     -100        0      100        0
    -0.5 0.866025        0        0    1e-12

Reduced Augmented Global Mass Matrix
  100     0     0     0     0
    0   100     0     0     0
    0     0 1e-12     0     0
    0     0     0 1e-12     0
    0     0     0     0 1e-12

Cholesky Decomposition L - Matrix
   10     0     0     0     0
    0    10     0     0     0
    0     0 1e-06     0     0
    0     0     0 1e-06     0
    0     0     0     0 1e-06

L Inverse Matrix
  0.1     0     0     0     0
    0   0.1     0     0     0
    0     0 1e+06     0     0
    0     0     0 1e+06     0
    0     0     0     0 1e+06

Z Matrix
 250.581 -432.519        0        0   -50000
-432.519  751.419        0   -1e+07  86602.5
       0        0    2e+14        0        0
       0   -1e+07        0    1e+14        0
  -50000  86602.5        0        0        1

